1528
1531
18659
28660
18661
18662
18663
18664
18665
18666
18667
1212
1578
1579
1580
1930
1931
1932
1978
1979
1558
2893
1498
2611
2114
2915
1808
2418
1327
19815
2257
19816
19817
19898
19899
19900
19903
19904
19906
19893
19878
19875
19859
19861
19627
19626
19622
19621
3096
925
2567
1073 0 0 -90
1074 0 0 -90
1075 0 0 -90
1076 0 0 -90
1077 0 0 -90
1078 0 0 -90
1079 0 0 -90
1080 0 0 -90
1081 0 0 -90
1082 0 0 -90
1083 0 0 -90
1084 0 0 -90
1085 0 0 -90
14826
10282
3761
2681
19473
19608
19609
19610
19611
19612
19613
19614
19615
19616
19617
19787
2312
2028
2103
2226
19354 0 0 100.0
19355 0 0 100.0
19356 0 0 100.0
19357 0 0 100.0
19358 0 0 100.0
19361 0 0 100.0
19384 0 0 100.0
19385 0 0 100.0
19386 0 0 100.0
19387 0 0 100.0
19388 0 0 100.0
19390 0 0 100.0
19400 0 0 100.0
19401 0 0 100.0
19402 0 0 100.0
19403 0 0 100.0
19404 0 0 100.0
19407 0 0 100.0
19427 0 0 100.0
19428 0 0 100.0
19429 0 0 100.0
19430 0 0 100.0
19431 0 0 100.0
19434 0 0 100.0
19446 0 0 100.0
19447 0 0 100.0
19448 0 0 100.0
19449 0 0 100.0
19450 0 0 100.0
19453 0 0 100.0