1528 0 90 0
1531 0 90 0
18659 0 90 0
28660 0 90 0
18661 0 90 0
18662 0 90 0
18663 0 90 0
18664 0 90 0
18665 0 90 0
18666 0 90 0
18667 0 90 0
1212
1578
1579
1580
1930
1931
1932
1978
1979
1498
1536
19859
16151
2188
1825
643
11717
1796
2563
2165
2028
2132
2141
2149
2161
2202
2313
1409
2627
2630
19166
19172
19173
1744
1742
1738
16779
1649
1828 0 90 0
2815 0 90 0
2818 0 90 0
2817 0 90 0
2842 0 90 0
2847 0 90 0
628
630
638
949
1360
1361
15038
1502
1491
1492
1494
2872
2778
2779
19317
19318
19319
2356
1715
1720
1714
1739
1811
1810
2079
2636
2788
1716
1721
1805
2079
2120
2121
2096
2964
19474
2030
2086
2112
2115
2118
2085
2762
2763
2747
2644
2822
2820
2135
2136
2336
2337
2339
2415
2417
2002
1808
2013
2014
2015
2016
2018
2019
2134
2133
2131
2130
2128
2127
2129
2294
2137
2139
2140
2160
2159
2158
2157
14720
2515
2518
2524
2097
2526
2522
2516
2527
2517
2525
2528
2514
1208
1700 -20 0 0
1701 -20 0 0
1725 -20 0 0
1745 -20 0 0
1793 -20 0 0
1794 -20 0 0
1795 -20 0 0
1796 -20 0 0
1797 -20 0 0
1798 -20 0 0
1799 -20 0 0
1800 -20 0 0
1801 -20 0 0
1802 -20 0 0
1803 -20 0 0
2090 -20 0 0
2298 -20 0 0
2299 -20 0 0
2300 -20 0 0
2301 -20 0 0
2302 -20 0 0
2025
2167
2689
2704
2705
2706
1736 0 0 -180
1985
2289
2288
2287
2286
2284
2282
2281
2280
2279
2277
2276
2275
2274
2273
2271
2270
2269
2268
2267
2266
2265
2264
2262
2261
2259
2258
2257
2256
2255
2108
2076
2075
2074
2073
2072
2071
2069
2026
2023
1734
1731
1962
1961
1960
1768
1766
1764
1763
1761
1760
1757
1756
1753
1713
1712
1710
1709
1707
1706
1703
2572
2571
1702
1754
1755
1758
1759
1762
1765
1769
2608
1718
1719
2312
2316
2317
2322
2596
2595
14532
1747
1748
1749
1450
1751
1752
1791
7192
1782
1783
1788
1790
1785
1787
1786
2103
2226
1809
1839
1840
1841
2102
2229
11707
11709
11712
11722
11723
11725
11726
11728
11733
11734
11738
11743
11744
11745
19835
19824
19823
19822
19821
19820
1551
1520
1517
1512
19819
19818
1667
19814
19813
19808
19807
19806
19804
19792
19825
19632
19787
19625
1485
19622
19623
19618
19619
2332
19586
19585
2253
2252
2251
2250
2249
2247
2245
2244
2240
19584
1665
1510
2421
2296
2233
2230
19590
19893
19894
2576
2574
2566
2467
2385
2211
2210 
19580
19579
19578
19577
19575
19574
19572
19571
19570
19569
19568
19565
19563
19564 
19562
19094
19811
2703
2768 
2702 
2499
19609
19610
19611
19612
19613
19614
19615
19616
19617
11689
336 -20 0 0
339 -20 0 0
341 -20 0 0
342 -20 0 0
344 -20 0 0
345 -20 0 0
346 -20 0 0
347 -20 0 0
348 -20 0 0
349 -20 0 0
350 -20 0 0
351 -20 0 0
352 -20 0 0
372 -20 0 0
353 -20 0 0
355 -20 0 0
356 -20 0 0
357 -20 0 0
358 -20 0 0
359 -20 0 0
360 -20 0 0
361 -20 0 0
362 -20 0 0
370 -20 0 0
371 -20 0 0
373 -20 0 0
19354 0 0 100.0
19355 0 0 100.0
19356 0 0 100.0
19357 0 0 100.0
19358 0 0 100.0
19361 0 0 100.0
19384 0 0 100.0
19385 0 0 100.0
19386 0 0 100.0
19387 0 0 100.0
19388 0 0 100.0
19390 0 0 100.0
19400 0 0 100.0
19401 0 0 100.0
19402 0 0 100.0
19403 0 0 100.0
19404 0 0 100.0
19407 0 0 100.0
19427 0 0 100.0
19428 0 0 100.0
19429 0 0 100.0
19430 0 0 100.0
19431 0 0 100.0
19434 0 0 100.0
19446 0 0 100.0
19447 0 0 100.0
19448 0 0 100.0
19449 0 0 100.0
19450 0 0 100.0
19453 0 0 100.0