1212
1578
1579
1580
1930
1931
1932
1978
1979
19128
2725
2726
16151
2188
1825
643
11717
2623 0 0 180
19632
19640
19621
19622
19623
19624
19626
19627
19561
19562
19563
19564
19565
19566
19567
19568
19569
19570
19636
19637
19638
19893
19894
19326
1988
1983
1842
1884
1848
1991
1996
1984
2871
1775
2872
2779
1349
19572
19592
19825
19859
1561
11706
11711
2002
1808
19328
19329
19608
19609
19610
19611
19612
19613
19614
19615
19616
19617
1718
1719
1840
2028
19787
2312
2316
2317
2322
2596
2595
14532
1747
1748
1749
1450
1751
1752
1791
7192
1782
1783
1788
1790
1785
1787
1786
2103
2226
1809
1839
1840
1841
2102
2229
2233
2230
2063
1989
918
1650
1644
2040
1218
2340
1208
2337
2713
2843
2845
2846
2844
2835
2816
1432
11689
11690
11691
11688
11687
2350
11686
2310
2636
2638
2452
2637
2635
2764
2807
2639
19580
2682
2645
2453
2646
2668
2665
2451
2417
2415
19558
19571
2688
2770
2762
2763
2766
2768
2769
2765
2424
2422
2748
2746
1716
2361
2714
2730
2729
2720
2722
2731
2383
2374
2399
2382
2375
2708
2403
2385
2387
2392
2381
2394
2371
2372
2373
2698
2622
2625
2654
2694
2652
2704
2689
2705
2706
2389
2396
2397
2398
2399
2401
2390
2656
2732
2733
2734
2735
2583
2582
2578
2585
2681
2581
19354 0 0 100.0
19355 0 0 100.0
19356 0 0 100.0
19357 0 0 100.0
19358 0 0 100.0
19361 0 0 100.0
19384 0 0 100.0
19385 0 0 100.0
19386 0 0 100.0
19387 0 0 100.0
19388 0 0 100.0
19390 0 0 100.0
19400 0 0 100.0
19401 0 0 100.0
19402 0 0 100.0
19403 0 0 100.0
19404 0 0 100.0
19407 0 0 100.0
19427 0 0 100.0
19428 0 0 100.0
19429 0 0 100.0
19430 0 0 100.0
19431 0 0 100.0
19434 0 0 100.0
19446 0 0 100.0
19447 0 0 100.0
19448 0 0 100.0
19449 0 0 100.0
19450 0 0 100.0
19453 0 0 100.0
