1930
1931
1932
1978
1979
1825
643
2188
2964
19474
2030
2086
2112
2115
2118
2085
2762
2763
2747
2644
11717
2356
1715
1720
1714
1739
1811
1810
2079
2636
2788
1716
1721
1805
2079
2120
2121
2096
2132
2141
1665
1510
19623
19893
19894
2165
2028
2202
2313
2627
2630
2872
2778
2779
19317
19318
19319
19609
19610
19611
19612
19615
19616
19617
19614
19613
2499
1649
1828
2815
2818
2817
2842
2847
19166
19172
19173
1409
19618
19619
2332
628
630
638
949
1360
1361
15038
2253
2252
2251
2250
2249
2247
2245
2244
2240
2574
16779
2161
2467
2385
2211
2210
1744
1742
1502
1491
1492
1494
1498
1536
19859
16151
19625
1485
19622
2025
2167
2576
2689
2704
2705
2706
1736
2289
2288
2287
2286
2284
2282
2281
2280
2279
2277
2276
2275
2274
2273
2271
2270
2269
2268
2267
2266
2265
2264
2262
2261
2259
2258
2257
2256
2255
2108
2076
2075
2074
2073
2072
2071
2069
2026
2023
1734
1731
1962
1961
1960
1768
1766
1764
1763
1761
1760
1757
1756
1753
1713
1712
1710
1709
1707
1706
1703
2572
2571
1702
1754
1755
1758
1759
1762
1765
1769
11689
2608
1718
1719
2296
11707
11709
11712
11722
11723
11725
11726
11728
11733
11734
11738
11743
11744
11745
19835
19824
19823
19822
19821
19820
1551
1520
1517
1512
19819
19818
1667
19814
19813
19808
19807
19806
19804
19792
19825
19632
19787
2312
2316
2317
2322
2596
2595
14532
1747
1748
1749
1450
1751
1752
1791
7192
1782
1783
1788
1790
1785
1787
1786
2103
2226
1809
1839
1840
1841
2102
2229
2233
2230